0 애플파이 2.63 0.018 14.04 35.09 0
1 아기등갈비 18.75 0.026 9.82 0 0
2 바클라바 6.64 0.04 29.13 37.53 0.0013
3 비프카르파치오 27.1 0.012 14.93 0 0
4 비프타르타르 15.67 0.032 13.84 1.56 0.0052
5 비트샐러드 1.32 0.018 5.29 11.01 0.4542
6 찹쌀도넛 12.5 0.25 0 75 0
7 비빔밥 5.38 0.033 2.81 8.34 0.0055
8 빵푸딩 4.42 0.044 12.39 43.36 0.398
9 아침부리또 5.16 0.052 5.16 18.06 0.1305
10 브루스케타 4.03 0.039 7.7 22.18 0.1366
11 시저샐러드 5.91 0.157 15.75 7.48 4.1505
12 칸놀로 6.32 0.021 14.74 42.11 0
13 카프레제샐러드 3.52 0.106 11.97 8.45 1.0602
14 당근케이크 3.85 0.046 29.23 56.15 1.923
15 세비체 10.34 0.025 0.75 3.58 1.939
16 치즈플레이트 6.46 0.146 11.51 15.58 0.27
17 치즈케이크 5.5 0.051 22.5 25.5 0.2544
18 치킨카레 5.73 0.032 3.85 6.67 0.263
19 치킨퀘사디아 14.16 0.221 10.62 22.12 0.2661
20 닭날개 18.58 0 18.58 0 0
21 초콜릿케이크 3.53 0.024 12.94 60 0
22 초콜릿무스 1.19 0.036 23.81 19.05 0.0007
23 츄러스 3.02 0.007 30.58 49.8 0
24 클램차우더 2.68 0.007 3.12 8.48 0
25 클럽샌드위치 14.04 0.171 12.33 20.21 0.7741
26 크랩케이크 11.76 0.024 5.88 15.29 0
27 크림브륄레 3.64 0.055 18.18 17.27 0.909
28 크로크마담 15 0 7.5 7 0 0
29 컵케이크 2.22 0.222 11.11 60 0
30 계란요리 10.71 0 25 0 0.714
31 도넛 4 0.08 26 64 0
32 만두 14.29 0 0.89 73.21 0
33 완두콩 10.59 0.059 4.71 8.24 0
34 에그베네딕트 12.65 0.06 22.55 8.25 0.0011
35 달팽이요리 16.95 0.169 0.85 1.69 0.169
36 팔라펠 8.33 0.087 40.54 29.32 0.1767
37 필레미뇽 15.18 0 15.18 0 0.089
38 피쉬앤칩스 13.9 0.028 10.66 12.63 0.0926
39 푸아그라 11.4 0.07 43.84 4.67 3.335
40 감자튀김 2.38 0.011 4.76 25 3.335
41 프랜치양파수프 4.21 0.088 3.51 6.32 0.1421
42 프렌치토스트 6.78 0.068 3.39 33.05 0
43 튀긴오징어 2.07 0.05 18.1 34.05 0.0068
44 볶음밥 7.69 0.013 3.21 27.24 0.2419
45 요거트아이스크림 4.41 0.368 2.21 32.35 0.441
46 마늘빵 8.51 0.085 12.77 40.43 0
47 뇨키 3.33 0 0 33.33 0.001
48 그리스샐러드 2.01 0.034 4.03 7.38 3.2001
49 구운치즈샌드위치 15.33 0.4 18 31.33 0.137
50 구운연어 24.64 0.014 9.42 0 0.1467
51 과카몰리 3.57 0 7.14 10.71 0.3741
52 교자 3.33 0 7.14 33.33 0.3741
53 햄버거 9.3 0.093 2.33 44.19 0
54 산라탕 2.58 0.019 1.21 4.35 0
55 핫도그 19.3 0.035 14.04 1.75 0.2651
56 멕시코요리 6.87 0.049 6.48 8.72 0.264
57 후무스 10.71 0.071 8.93 28.57 0
58 아이스크림 4.29 0.086 8.57 37.14 0
59 라자냐 12.5 0.018 1.79 75 0
60 랍스터비스크 5.22 0.052 2.6 1.7 0.0013
61 랍스터롤샌드위치 21.64 0.052 8.12 16.5 0.0004
62 맥앤치즈 6.09 0.085 4.78 18.7 0.0004
63 마카롱 10 0.083 23.33 53.33 0.0004
64 된장국 1.92 0.027 0.8 2.08 0.0004
65 홍합 23.89 0.033 4.42 7.08 0.0004
66 나초 4.32 0.063 21.5 34.91 0.0011
67 오믈렛 7.93 0.066 3.96 4.85 0.1386
68 어니언링 0 0.071 21.43 71.43 0
69 굴 4.77 0.075 10.78 18.41 0.0018
70 팟타이 8.12 0.021 7.39 14.32 0.0047
71 빠에야 13.33 0.067 3.33 82.22 1.341
72 팬케이크 6.45 0.097 2.42 53.23 0.161
73 판나코타 3 0.15 10 30 0.161
74 북경오리 0.36 0.011 0.13 60.61 0.1619
75 쌀국수 6.14 0.011 2.24 10.39 0.1625
76 피자 10.59 0.294 9.41 23.53 0.2378
77 돼지갈비 27.69 0.008 10.5 0 0.235
78 푸틴 11.25 0.188 18.75 20 0.375
79 프라임립 16.15 0.009 31.66 0 0
80 풀드포크샌드위치 10.33 0.033 7.07 31.52 0.109
81 라면 12.73 0.036 2.73 63.64 0.7281
82 라비올리 13 0.25 10 29 1.75
83 레드벨벳케이크 4.67 0.037 22.43 57.01 0.374
84 리조또 8.11 0 2.7 75.68 0.8207
85 사모사 4.66 0.027 17.87 32.21 0.8154
86 회 14.73 0.016 9.3 3.1 0.0037
87 가리비 15.04 0 0.88 0.88 0
88 해초샐러드 0 0.111 2.78 11.11 0.222
89 새우와그리트 8.82 0.074 8.33 9.8 0.3798
90 볼로냐스파게티 1.39 0.026 1.61 7.43 0.37
91 스파게티까르보나라 1.39 0.026 1.61 7.43 0.37
92 춘권 11.9 0.048 7.14 19.05 0.595
93 스테이크 0 0 0 111.11 0
94 딸기쇼트케이크 5.26 0 21.05 57.89 0
95 스시 0 0 0 3.57 0
96 타코 10.94 0.016 4.69 23.44 0.1607
97 타코야끼 12.3 0.035 0.8 0 0
98 티라미수 5.91 0.066 24.26 29.61 0.0011
99 참치타르타르 15.67 0.032 13.84 1.56 0.0052
100 와플 4.69 0.031 17.19 51.56 0